100027
100028
100029
100030
100031
100032
100033
100034
100035
100036
100037
100038
100041
100042
100043
100044
100046
100047
100048
100049
100051
100052
100053
100054
100055
100056
100057
100058
100059
100060
100061
100062
100063
100064
100065
100066
100067
100068
100069
100077
100078
100079
100080
100081
100082
100084
100085
100086
100087
100088
100089
100090
100119
100120
100121
100122
100123
100124
100136
100150
100151
100152
100153
100154
100155
100156
100171
100172
100173
100174
100175
100176
100177
100178
100179
100180
100181
100182
100183
100184
100185
100186
100187
100188
100189
100190
100191
100192
100194
100195
100196
100197
100198
100199
100200
100201
100202
100203
100218
100219
100220
100221
100222
100223
100233
100234
100237
100238
100241
100243
100244
100245
100246
100247
100249
100250
100251
100252
100253
100254
100261
100262
100263
100264
100265
100278
100279
100280
100281
100282
100283
100284
100285
100286
100289
100290
100291
100292
100298
100299
100300
100301
100312
100313
100314
100315
100316
100317
100318
100319
100321
100323
100325
100332
100337
100338
100347
100348
100349
100350
100351
100352
100353
100354
100355
100356
100357
100358
100359
100360
100361
100362
100363
100364
100365
100366
100367
100368
100369
100370
100371
100372
100375
100376
100377
100378
100379
100380
100381
100382
100383
100384
100385
100386
100387
100388
100414
100415
100416
100417
100418
100470
100471
100472
100473
100474
100475
100476
100477
100480
100481
100482
100483
100484
100485
100486
100487
100489
100490
100491
100493
100494
100495
100496
100497
100498
100499
100501
100503
100504
100505
100506
100519
100520
100521
100522
100523
100524
100525
100526
100527
100528
100529
100530
100531
100532
100535
100536
100537
100538
100541
100542
100543
100544
100546
100547
100548
100549
100550
100551
100552
100553
100555
100556
100557
100558
100561
100563
100567
100569
100573
100574
100575
100576
100579
100580
100589
100590
100593
100596
100597
100600
100601
100602
100603
100604
100605
100606
100607
100608
100609
100610
100611
100612
100613
100614
100617
100618
100619
100620
100621
100622
100623
100630
100631
100638
100639
100640
100641
100643
100644
100645
100646
100648
100650
100651
100656
100657
100663
100664
100668
100669
100676
100678
100682
100684
100685
100711
100712
100713
100714
100715
100716
100717
100723
100724
100725
100739
100740
100741
100742
100748
100749
100750
100751
100780
100781
100782
100783
100784
100785
100786
100787
100788
100789
100790
100791
100792
100793
100794
100795
100796
100797
100798
100799
100800
100801
100802
100803
100804
100805
100806
100807
100808
100809
100811
100812
100813
100814
100820
100821
100822
100823
100828
100829
100830
100831
100832
100833
100834
100835
100836
100837
100838
100842
100843
100844
100845
100847
100848
100849
100851
100852
100853
100855
100856
100857
100858
100859
100864
100865
100868
100869
100870
100871
100872
100873
100874
100875
100876
100877
100878
100881
100887
100888
100889
100890
100891
100892
100893
100894
100895
100896
100897
100898
100899
100900
100902
103003
100906
100907
100915
100917
100927
100928
100929
100934
100940
100941
100943
100948
100949
100950
100951
100952
100953
100954
100955
100956
100957
100958
100960
100961
100962
100963
100966
100967
100968
100970
100971
100972
100975
100978
100989
100997
100998
100999
101000
101001
101002
101003
101037
101042
101044
101048
101049
101059
101065
101066
101069
101070
101071
101072
101078
101081
101082
101083
101084
101092
101094
101095
101098
101099
101100
101113
101114
101116
101117
101118
101119
101120
101121
101122
101123
101124
101126
101127
101131
101132
101143
101144
101154
101155
101160
101161
101162
101163
101165
101169
101170
101171
101172
101173
101177
101178
101179
101180
101181
101184
101185
101186
101187
101188
101190
101192
101198
101199
101200
101201
101202
101203
101206
101207
101208
101209
101221
101222
101224
101228
101229
101230
101231
101232
101236
101237
101238
101242
101244
101245
101246
101248
101258
101262
101263
101264
101265
101266
101271
101279
101281
101282
101288
101294
101295
101296
101303
101304
101305
101306
101307
101313
101314
101315
101316
101317
101318
101319
101325
101333
101334
101349
101350
101351
101352
101353
101354
101355
101356
101357
101358
101359
101361
101362
101363
101364
101365
101372
101373
101393
101394
101397
101398
101399
101400
101401
101402
101403
101404
101405
101406
101407
101408
101409
101419
101420
101421
101430
101431
101455
101456
101458
101462
101463
101465
101466
101467
101471
101472
101480
101481
101482
101483
101484
101489
101490
101491
101498
101499
101500
101516
101519
101520
101521
101524
101525
101528
101529
101530
101536
101537
101538
101539
101544
101545
101547
101548
101549
101550
101551
101560
101561
101562
101563
101564
101565
101566
101572
101575
101576
101585
101586
101587
101588
101589
101591
101592
101593
101594
101597
101598
101599
101600
101605
101606
101607
101608
101609
101617
101618
101619
101620
101621
101623
101624
101625
101626
101627
101628
101629
101630
101631
101632
101633
101635
101636
101642
101643
101644
101646
101648
101654
101656
101657
101659
101661
101662
101663
101664
101665
101667
101669
101670
101671
101672
101685
101686
101687
101688
101691
101692
101693
101694
101696
101697
101698
101699
101700
101701
101702
101703
101704
101705
101706
101711
101712
101713
101714
101715
101716
101717
101718
101719
101720
101721
101722
101723
101729
101730
101731
101732
101733
101734
101735
101737
101738
101742
101743
101744
101745
101746
101747
101748
101749
101750
101751
101752
101753
101754
101755
101758
101759
101760
101762
101763
101764
101765
101766
101773
101774
101775
101776
101780
101784
101793
101794
101795
101796
101797
101798
101799
101800
101801
101802
101803
101804
101805
101806
101807
101808
101815
101816
101817
101818
101823
101824
101828
101829
101830
101833
101834
101837
101838
101839
101840
101843
101844
101847
101852
101853
101854
101855
101856
101858
101859
101860
101861
101862
101863
101864
101866
101867
101868
101869
101871
101872
101873
101874
101875
101876
101877
101878
101879
101883
101884
101892
101893
101894
101895
101898
101902
101905
101906
101909
101910
101912
101913
101922
101923
101924
101927
101929
101932
101933
101934
101935
101936
101944
101945
101946
101947
101948
101950
101951
101952
101953
101954
101955
101956
101958
101966
101968
101969
101970
101971
101972
101973
101974
101975
101976
101977
101978
101979
101980
101982
101983
101984
101985
101986
101987
101989
101990
101991
101992
101993
101994
101995
101996
101997
102000
102001
102003
102004
102007
102008
102009
102010
102011
102012
102013
102015
102016
102018
102019
102020
102021
102024
102025
102026
102027
102030
102031
102036
102045
102046
102047
102053
102054
102055
102056
102058
102060
102061
102062
102065
102066
102067
102069
102070
102071
102072
102073
102074
102075
102076
102077
102078
102079
102080
102086
102088
102103
102104
102107
102108
102109
102110
102111
102112
102113
102114
102116
102118
102119
102126
102133
102134
102135
102136
102137
102138
102139
102140
102141
102142
102143
102144
102145
102146
102147
102148
102149
102152
102153
102154
102155
102169
102170
102171
102172
102173
102174
102175
102176
102177
102178
102179
102180
102182
102183
102184
102185
102186
102187
102188
102189
102193
102194
102195
102196
102197
102198
102199
102200
102201
102202
102203
102204
102205
102206
102207
102208
102222
102223
102224
102225
102226
102231
102232
102233
102234
102235
102236
102240
102242
102243
102245
102248
102249
102251
102252
102257
102258
102259
102260
102261
102262
102263
102266
102267
102268
102269
102270
102271
102272
102273
102280
102281
102282
102283
102288
102289
102300
102304
102305
102306
102311
102315
102316
102317
102320
102326
102328
102329
102330
102331
102336
102337
102340
102341
102342
102343
102347
102348
102349
102350
102363
102364
102365
102366
102373
102375
102376
102381
102382
102383
102384
102387
102393
102394
102395
102396
102397
102398
102401
102402
102403
102404
102409
102410
102411
102414
102415
102416
102421
102422
102423
102424
102425
102426
102427
102428
102431
102432
102433
102434
102435
102441
102442
102443
102445
102446
102447
102448
102450
102451
102452
102453
102455
102456
102457
102458
102459
102460
102461
102462
102478
102479
102480
102481
102482
102483
102491
102494
102495
102496
102497
102503
102504
102507
102508
102510
102511
102512
102513
102514
102517
102518
102528
102529
102530
102531
102532
102533
102534
102535
102536
102538
102539
102540
102541
102543
102544
102545
102546
102547
102556
102557
102558
102559
102560
102561
102562
102563
102564
102573
102574
102577
102578
102579
102580
102585
102587
102590
102591
102592
102594
102595
102596
102619
102620
102621
102622
102623
102639
102640
102641
102642
102643
102644
102645
102646
102647
102648
102649
102650
102651
102652
102653
102654
102659
102660
102661
102662
102663
102664
102665
102666
102667
102669
102670
102672
102673
102675
102676
102677
102678
102680
102682
102683
102684
102685
102686
102687
102701
102702
102703
102704
102705
102706
102710
102711
102712
102713
102714
102715
102716
102717
102718
102719
102720
102721
102722
102723
102724
102725
102726
102727
102728
102729
102730
102731
102732
102733
102734
102735
102736
102737
102738
102739
102740
102741
102742
102743
102744
102745
102746
102751
102752
102753
102754
102755
102756
102760
102761
102765
102766
102767
102798
102799
102800
102801
102802
102803
102804
102805
102806
102807
102808
102813
102814
102815
102816
102823
102827
102828
102829
102830
102831
102832
102833
102834
102835
102836
102837
102838
102839
102840
102841
102842
102846
102847
102848
102849
102851
102855
102856
102858
102859
102860
102861
102862
102865
102866
102867
102868
102869
102870
102871
102872
102873
102874
102875
102876
102883
102884
102885
102888
102889
102896
102897
102898
102899
102900
102901
102902
102903
102904
102905
102906
102907
102908
102909
102910
102913
102914
102915
102920
102921
102922
102923
102924
102929
102930
102931
102932
102933
102936
102937
102939
102940
102941
102942
102945
102946
102947
102948
102951
102952
102953
102954
102957
102958
102959
102960
102961
102962
102964
102965
102967
102968
102969
102974
102975
102978
102979
102986
102987
102988
102989
102990
102991
102992
102995
102996
102997
103001
103002
103006
103007
103008
103009
103024
103025
103026
103027
103028
103029
103030
103032
103033
103034
103037
103038
103039
103040
103041
103042
103043
103044
103045
103046
103047
103048
103049
103050
103051
103052
103053
103054
103055
103056
103058
103059
103061
103062
103063
103064
103065
103066
103067
103068
103071
103072
103075
103076
103077
103078
103079
103080
103083
103084
103085
103086
103087
103088
103089
103090
103091
103092
103093
103094
103095
103097
103098
103104
103105
103108
103109
103110
103111
103114
103115
103116
103119
103120
103121
103122
103123
103124
103512
103128
103129
103130
103131
103134
103135
103136
103137
103138
103139
103140
103141
103142
103143
103144
103145
103146
103149
103150
103151
103152
103153
103154
103155
103156
103157
103158
103159
103160
103161
103162
103163
103164
103165
103166
103167
103168
103169
103170
103171
103172
103173
103174
103175
103176
103177
103178
103179
103180
103181
103182
103183
103184
103185
103186
103187
103188
103189
103190
103191
103192
103193
103194
103195
103196
103197
103202
103203
103204
103205
103206
103207
103210
103211
103215
103216
103217
103218
103223
103513
103224
103225
103226
103227
103228
103229
103230
103231
103232
103233
103234
103237
103272
103273
103274
103275
103276
103277
103278
103279
103280
103281
103282
103283
103288
103289
103290
103291
103292
103293
103296
103297
103304
103305
103308
103309
103312
103313
103314
103315
103332
103333
103334
103335
103336
103337
103338
103339
103340
103341
103342
103343
103344
103345
103346
103347
103348
103349
103354
103356
103357
103358
103359
103360
103361
103366
103367
103368
103369
103372
103373
103374
103377
103378
103379
103380
103381
103382
103383
103384
103385
103386
103387
103388
103389
103390
103392
103393
103394
103395
103396
103397
103398
103399
103400
103401
103402
103403
103404
103405
103406
103407
103408
103409
103412
103413
103414
103415
103416
103417
103418
103419
103420
103421
103423
103430
103431
103439
103440
103441
103442
103443
103444
103445
103446
103447
103448
103449
103450
103451
103452
103453
103454
103455
103457
103458
103459
103462
103463
103464
103465
103466
103467
103468
103469
103470
103473
103474
103475
103476
103480
103481
103482
103487
103488
103489
103490
103491
103492
103493
103498
103499
103502
103503
103504
103506
103507
103508
103509
103510
103511
103752
103517
103518
103519
103520
103521
103522
103523
103524
103525
103526
103527
103528
103529
103530
103531
103532
103534
103535
103536
103537
103538
103539
103540
103541
103542
103543
103544
103545
103548
103549
103552
103553
103554
103555
103556
103557
103558
103559
103560
103561
103564
103565
103566
103567
103570
103571
103572
103573
103574
103575
103576
103579
103580
103582
103583
103584
103585
103586
103587
103588
103589
103590
103591
103592
103593
103594
103595
103596
103597
103598
103599
103600
103602
103603
103604
103607
103608
103609
103610
103611
103612
103613
103614
103616
103617
103618
103619
103620
103621
103622
103623
103624
103627
103628
103629
103630
103631
103632
103633
103634
103635
103636
103637
103639
103640
103643
103644
103645
103646
103647
103648
103649
103650
103651
103653
103654
103655
103656
103657
103659
103660
103661
103662
103663
103664
103665
103666
103667
103668
103669
103671
103672
103673
103674
103675
103676
103677
103678
103679
103681
103682
103683
103684
103685
103686
103687
103690
103691
103692
103693
103694
103695
103696
103697
103698
103699
103700
103701
103702
103703
103704
103705
103706
103707
103708
103709
103714
103715
103716
103717
103718
103721
103722
103723
103724
103725
103726
103727
103728
103729
103730
103731
103732
103733
103734
103735
103736
103737
103738
103739
103740
103741
103742
103743
103744
103745
103746
103747
103748
103749
103750
103751
104969
104970
104971
104972
104973
104974
104975
104976
104977
104978
104979
104980
104981
104982
104983
104984
104985
104986
104987
104988
104989
104990
104991
104992
104993
104994
104995
104996
104997
104998
104999
105000
105001
105005
105006
105007
105008
105009
105010
105011
105012
105013
105014
105015
105016
105017
105018
105019
103753
103754
103756
103757
103758
103759
103760
103761
103764
103765
103766
103767
103768
103769
103770
103771
103772
103773
103774
103775
103776
103777
103778
103779
103780
103781
103784
103785
103791
103792
103793
103794
103795
103796
103798
103799
103800
103804
103805
103806
103807
103808
103809
103819
103820
103883
103884
103885
103953
103995
103996
103997
103998
103999
104000
104001
104010
104011
104014
104015
104016
104017
104018
104019
104020
104021
104022
104023
104024
104025
104026
104027
104030
104031
104035
104036
104039
104040
104041
104042
104043
104044
104045
104046
104048
104049
104050
104051
104053
104054
104055
104056
104063
104064
104067
104068
104069
104070
104071
104074
104075
104076
104077
104078
104079
104080
104081
104083
104084
104085
104086
104088
104089
104090
104091
104092
104093
104094
104095
104096
104097
104098
104099
104100
104101
104102
104103
104104
104105
104107
104108
104109
104113
104114
104115
104116
104117
104118
104119
104120
104121
104122
104123
104124
104125
104126
104127
104128
104129
104130
104131
104132
104133
104134
104135
104136
104137
104138
104139
104140
104141
104142
104143
104144
104145
104146
104147
104148
104149
104150
104151
104152
104153
104155
104156
104157
104158
104159
104160
104161
104162
104163
104164
104165
104166
104167
104168
104169
104170
104171
104172
104173
104174
104175
104180
104181
104182
104183
104184
104185
104186
104187
104188
104189
104190
104191
104192
104193
104194
104195
104196
104197
104198
104199
104200
104203
104204
104205
104207
104208
104209
104210
104211
104212
104213
104214
104215
104216
104217
104218
104219
104220
104221
104222
104223
104224
104225
104226
104227
104228
104229
104230
104231
104232
104234
104235
104236
104237
104238
104239
104240
104241
104242
104243
104244
104245
104246
104247
104248
104249
104250
104251
104252
104253
104254
104257
104258
104261
104262
104263
104264
104265
104266
104267
104268
104269
104270
104271
104272
104273
104274
104275
104276
104277
104278
104279
104284
104285
104286
104287
104290
104291
104292
104293
104294
104295
104297
104298
104299
104300
104301
104302
104303
104306
104307
104308
104309
104310
104311
104312
104315
104316
104317
104318
104319
104320
104321
104322
104323
104324
104325
104326
104327
104328
104329
104330
104331
104332
104333
104334
104335
104338
104339
104340
104341
104342
104343
104344
104345
104346
104347
104348
104349
104350
104351
104352
104353
104354
104355
104356
104357
104358
104359
104360
104361
104362
104363
104364
104365
104366
104367
104368
104369
104370
104371
104372
104373
104374
104375
104376
104377
104378
104383
104384
104385
104386
104387
104388
104389
104390
104391
104392
104393
104394
104396
104397
104398
104399
104400
104401
104402
104403
104404
104406
104407
104408
104409
104410
104411
104412
104413
104414
104417
104418
104419
104420
104425
104426
104427
104428
104429
104430
104431
104432
104433
104434
104435
104436
104437
104438
104439
104441
104442
104443
104444
104445
104446
104447
104448
104449
104450
104451
104452
104453
104454
104455
104456
104457
104458
104459
104460
104461
104462
104463
104464
104465
104466
104467
104468
104473
104474
104475
104476
104479
104480
104481
104482
104483
104484
104485
104486
104487
104488
104489
104490
104491
104492
104493
104494
104495
104496
104497
104498
104499
104500
104501
104502
104504
104505
104506
104507
104508
104509
104510
104511
104512
104513
104514
104515
104516
104517
104518
104519
104520
104521
104522
104523
104525
104526
104527
104528
104529
104530
104531
104532
104533
104534
104535
104536
104537
104538
104539
104540
104541
104542
104543
104544
104545
104546
104547
104548
104549
104550
104551
104552
104553
104554
104555
104556
104557
104558
104559
104560
104561
104562
104563
104564
104565
104566
104567
104572
104573
104574
104575
104576
104577
104578
104579
104580
104581
104582
104583
104584
104585
104588
104601
104602
104603
104604
104605
104606
104607
104608
104609
104610
104611
104612
104614
104615
104616
104617
104618
104619
104620
104621
104622
104625
104626
104633
104634
104635
104636
104637
104638
104639
104640
104643
104644
104645
104646
104647
104648
104649
104650
104651
104652
104653
104654
104655
104656
104657
104658
104659
104660
104662
104663
104664
104665
104666
104667
104668
104669
104670
104671
104672
104673
104674
104675
104676
104679
104680
104681
104682
104684
104685
104686
104687
104688
104689
104690
104691
104696
104697
104698
104699
104700
104701
104702
104703
104704
104705
104706
104707
104708
104710
104711
104712
104713
104714
104715
104716
104717
104718
104719
104720
104721
104722
104723
104724
104725
104726
104727
104728
104729
104730
104731
104732
104733
104734
104735
104736
104737
104738
104739
104740
104741
104742
104743
104748
104749
104750
104751
104752
104753
104754
104755
104756
104757
104758
104759
104760
104761
104762
104763
104764
104765
104766
104767
104768
104769
104772
104773
104774
104775
104776
104779
104780
104781
104782
104783
104784
104785
104786
104787
104789
104790
104791
104792
104793
104794
104795
104796
104797
104798
104801
104802
104804
104805
104806
104807
104808
104809
104810
104811
104812
104815
104816
104820
104821
104822
104823
104824
104825
104826
104827
104828
104829
104830
104831
104832
104833
104834
104835
104838
104839
104840
104841
104842
104843
104844
104845
104846
104847
104848
104849
104850
104851
104852
104853
104854
104855
104856
104857
104858
104859
104860
104861
104862
104863
104864
104865
104866
104867
104868
104869
102505
102506
102509
104870
104871
104872
104873
104874
104875
104876
104877
104878
104879
104880
104881
104886
104887
104888
104890
104891
104892
104893
104894
104895
104898
104899
104900
104901
104902
104903
104904
104905
104906
104907
104908
104909
104910
104911
104912
104913
104914
104915
104916
104917
104918
104919
104920
104921
104922
104923
104924
104925
104926
104927
104928
104929
104930
104931
104932
104933
104934
104935
104936
104937
104938
104939
104941
104942
104943
104944
104945
104946
104947
104948
104949
104950
104951
104952
104953
104954
104955
104956
104957
104958
104959
104960
104961
104962
104963
104964
104965
104966
104967
104968
105020
105021
105022
105023
105024
105025
105026
105027
105031
105032
105033
105034
105035
105036
105037
105038
105039
105040
105041
105042
105043
105044
105045
105046
105047
105048
105049
105050
105051
105052
105053
105054
105055
105056
105057
105058
105059
105060
105061
105062
105064
105065
105066
105067
105068
105069
105070
105071
105072
105073
105074
105075
105076
105077
105078
105079
105080
105081
105082
105083
105084
105085
105086
105087
105088
105091
105092
105093
105094
105095
105096
105098
105099
105100
105101
105102
105103
105104
105106
105107
105108
105109
105110
105111
105112
105113
105116
105117
105118
105119
105120
105121
105122
105123
105124
105125
105126
105127
105128
105129
105130
105131
105132
105133
105134
105135
105136
105138
105139
105140
105142
105143
105144
105145
105146
105147
105148
105149
105150
105151
105152
105153
105154
105155
105156
105157
105158
105159
105160
105161
105162
105163
105164
105165
105168
105169
105170
105171
105173
105174
105175
105176
105177
105178
105179
105180
105181
105182
105183
105184
105185
105186
105187
105189
105190
105191
105192
105193
105194
105195
105196
105197
105198
105199
105200
105201
105202
105203
105204
105205
105206
105207
105208
105209
105210
105211
105212
105213
105214
105215
105216
105217
105218
105219
105220
105221
105222
105223
105224
105225
105227
105228
105229
105230
105231
105232
105233
105234
105235
105236
105237
105238
105239
105240
105241
105242
105244
105245
105246
105247
105248
105249
105250
105251
105252
105253
105254
105255
105256
105257
105258
105259
105260
105261
105262
105263
105264
105265
105266
105267
105268
105269
105270
105271
105272
105273
105274
105275
105276
105277
105278
105279
105280
105281
105282
105283
105284
105285
105286
105287
105288
105289
105290
105291
105292
105293
105294
105295
105296
105297
105298
105299
105300
105302
105303
105304
105305
105306
105307
105308
105309
105310
105311
105312
105313
105316
105317
105318
105319
105320
105322
105323
105324
105325
105326
105327
105328
105329
105330
105331
105332
105333
105334
105335
105336
105337
105338
105339
105340
105341
105342
105343
105344
105345
105346
105347
105348
105349
105350
105351
105352
105353
105354
105355
105356
105357
105358
105359
105360
105361
105362
105363
105364
105365
105366
105367
105368
105369
105370
105371
105372
105373
105374
105375
105376
105377
105378
105383
105384
105385
105386
105387
105388
105390
105391
105392
105393
105395
105396
105397
105398
105399
105400
105401
